    <!--
    
    Nancayasan -1
    San Vicente - 0.8
    Poblacion - 8
    Anonas - 7
    Pinmaludpod - 7
    catablan - 6
    Nancamaliran East - 6
    the rest - 0.5
        
    --->





[15.9933413, 120.5866356],
[15.9493684, 120.5783984],
[15.9494503, 120.5783558],
[15.9495398, 120.5783066],
[15.9706284, 120.558917],
[15.9769154, 120.6074994],
[15.9700002, 120.571783],
[15.9857723, 120.5724511],
[15.9496307, 120.5782573],
[15.9497279, 120.5782054],
[15.9944827, 120.5807113],
[15.9933697, 120.585936],
[15.9704889, 120.5716726],
[15.9860231, 120.5725017],
[15.9607357, 120.503863],
[15.9862866, 120.5725629],
[15.9893762, 120.5458919],
[15.9865527, 120.5726268],
[15.9564839, 120.5300795],
[15.9498297, 120.5781509],
[15.9868521, 120.5727039],
[16.0028331, 120.5763339],
[15.9499308, 120.5780923],
[15.9500318, 120.578051],
[15.9501201, 120.5780124],
[15.9502826, 120.5779459],
[15.9870773, 120.5727492],
[15.9612193, 120.5039429],
[15.9618053, 120.5032721],
[15.9872999, 120.5728024],
[15.987548, 120.572861],
[15.9635428, 120.5800905],
[15.9504298, 120.5778767],
[15.9942221, 120.5875635],
[15.9506089, 120.5778022],
[15.9607945, 120.5477044],
[15.993436, 120.5854138],
[15.9948331, 120.580066],
[15.9878116, 120.5729249],
[15.950765, 120.5777343],
[15.954041, 120.593963],
[15.9770408, 120.5420506],
[15.979356, 120.510639],
[15.9950533, 120.5795462],
[15.9508911, 120.5776758],
[15.9510721, 120.5775919],
[15.9880981, 120.573002],
[15.9621456, 120.5025402],
[15.9957879, 120.5889901],
[15.9710289, 120.5715581],
[15.9884103, 120.5730766],
[15.9512692, 120.5774961],
[15.9935497, 120.5850197],
[15.9514509, 120.5774176],
[15.9715253, 120.571457],
[15.96331, 120.5568436],
[15.9979025, 120.5101011],
[15.9887097, 120.5731484],
[15.9706796, 120.5592151],
[15.9707922, 120.5597075],
[15.9516581, 120.5773204],
[15.9721279, 120.5713159],
[15.9726831, 120.5711935],
[15.9711837, 120.5596809],
[15.9764829, 120.5431152],
[15.9983298, 120.5382013],
[15.9798106, 120.512587],
[15.9902717, 120.5444174],
[15.9890192, 120.5732176],
[15.97505, 120.545862],
[15.951868, 120.5772273],
[15.9521226, 120.5771102],
[15.9981021, 120.5117619],
[15.9523683, 120.5770024],
[15.9951457, 120.5793738],
[15.973328, 120.5710524],
[15.9737809, 120.5709566],
[15.9892534, 120.5732788],
[15.9778788, 120.5033919],
[15.9717287, 120.5595904],
[15.9782114, 120.5051539],
[15.9624834, 120.5018482],
[15.9796149, 120.5117938],
[15.961662, 120.5305466],
[15.9845608, 120.555616],
[15.9627624, 120.5008714],
[15.9526383, 120.5768959],
[15.9638013, 120.4999931],
[15.9983631, 120.5129915],
[15.9800115, 120.5134773],
[15.9896116, 120.573348],
[15.9936728, 120.5845861],
[15.9743822, 120.5708555],
[15.9528763, 120.5768094],
[15.9531335, 120.5767109],
[15.9749221, 120.5707916],
[15.9898623, 120.5734119],
[15.9533906, 120.5765898],
[15.9755388, 120.5707517],
[15.9900977, 120.5734492],
[16.0052685, 120.576884],
[15.9762757, 120.570773],
[15.9769154, 120.5708395],
[15.9971746, 120.5902224],
[15.9980637, 120.5910049],
[15.9536798, 120.5764807],
[15.9779645, 120.5709034],
[15.999824, 120.592723],
[16.0016788, 120.5944663],
[15.9539741, 120.5763689],
[15.9709617, 120.581927],
[15.954271, 120.5762678],
[15.9789777, 120.5710152],
[15.9797773, 120.5711389],
[15.990374, 120.5735131],
[15.9906197, 120.5735716],
[15.9937865, 120.5841526],
[16.0056661, 120.5980614],
[15.9869608, 120.5670774],
[15.9545473, 120.5761773],
[16.0011569, 120.5303882],
[15.9653059, 120.4987581],
[15.9622736, 120.5058964],
[15.9989336, 120.5137075],
[15.9629453, 120.5569261],
[15.9870095, 120.5673968],
[15.9870913, 120.5676496],
[15.9548749, 120.5760628],
[15.9552383, 120.5759244],
[15.9804912, 120.571296],
[15.9954985, 120.5788269],
[15.9554711, 120.5758446],
[15.9556682, 120.5757674],
[15.9802136, 120.5145925],
[15.9721714, 120.559601],
[15.9559062, 120.5756982],
[15.9562593, 120.5755625],
[16.0095702, 120.5779004],
[15.9957306, 120.5785141],
[15.9629415, 120.5048318],
[15.9812332, 120.5714557],
[15.9819241, 120.571618],
[15.987163, 120.5679344],
[15.9872193, 120.5681793],
[15.9874291, 120.5684907],
[15.9877489, 120.5688327],
[16.0083812, 120.5775963],
[15.9639088, 120.5034145],
[15.9770344, 120.6088754],
[15.9565255, 120.5754959],
[15.9567686, 120.5754214],
[15.9878922, 120.569007],
[15.976854, 120.606464],
[15.9798464, 120.6022867],
[15.9753788, 120.5619698],
[15.9879715, 120.5693237],
[15.9997127, 120.5587526],
[15.9995374, 120.5144421],
[16.0033981, 120.5391129],
[15.9803978, 120.5154295],
[16.0000798, 120.5150995],
[16.0030144, 120.5957093],
[16.0044842, 120.5969868],
[15.9805501, 120.5162147],
[15.9754889, 120.5628162],
[15.9755784, 120.5635455],
[15.9881327, 120.56955],
[15.9571025, 120.5753176],
[15.9574352, 120.5751978],
[15.9653047, 120.5017404],
[15.9663589, 120.5005986],
[15.9677177, 120.4989591],
[16.0005199, 120.5157063],
[15.9577474, 120.5750967],
[15.9710218, 120.5803313],
[15.9580801, 120.5750035],
[15.9747788, 120.5471076],
[15.9767414, 120.6051252],
[15.9883323, 120.56953],
[15.988583, 120.5697948],
[15.9583923, 120.5749104],
[15.9756449, 120.5644025],
[15.9757115, 120.5652861],
[15.96931826, 120.4970327],
[16.0071065, 120.5996743],
[15.9587646, 120.5747893],
[15.9949055, 120.5864796],
[16.0004265, 120.5908918],
[15.9759418, 120.4943632],
[15.9757627, 120.5662603],
[15.959087, 120.5746775],
[15.9758036, 120.5673435],
[15.978805, 120.5078527],
[15.9940043, 120.583384],
[15.9887391, 120.5699945],
[15.9887084, 120.5703112],
[15.9961438, 120.5779426],
[15.9802283, 120.6224677],
[15.9771674, 120.6107199],
[15.9594479, 120.5745551],
[15.9885753, 120.5704682],
[15.98856, 120.5706785],
[15.9773235, 120.6128757],
[16.008309, 120.6015787],
[15.9758369, 120.5685838],
[15.9886981, 120.5708754],
[15.9721554, 120.5763656],
[15.9762846, 120.496],
[15.9597652, 120.5744592],
[15.9758369, 120.569912],
[15.9888772, 120.5710671],
[15.975801, 120.5718043],
[15.973887, 120.592789],
[15.9466032, 120.5188224],
[16.0041055, 120.5831679],
[15.9600211, 120.5743688],
[15.9603, 120.5742836],
[15.9889476, 120.5712946],
[15.9890218, 120.571642],
[15.9941961, 120.5826968],
[15.9606045, 120.5741931],
[15.975801, 120.5729941],
[15.9758317, 120.5739575],
[15.9890141, 120.5729834],
[15.9609321, 120.5740786],
[15.9670626, 120.5327131],
[15.9807433, 120.5171276],
[15.9797057, 120.5728823],
[15.9795496, 120.5722488],
[15.9924554, 120.5665584],
[15.9766505, 120.4975544],
[15.9612673, 120.5739669],
[15.9615795, 120.5738817],
[15.9619275, 120.5737619],
[15.9924043, 120.5668751],
[15.9622858, 120.5736501],
[15.9793935, 120.5715408],
[16.008181, 120.6053528],
[15.9963735, 120.5776322],
[15.9626286, 120.5735437],
[15.9629664, 120.5734319],
[15.9792272, 120.5702074],
[15.9746841, 120.5485475],
[15.9923377, 120.5671359],
[15.9942316, 120.5824578],
[15.9626574, 120.556994],
[15.9864073, 120.6255131],
[15.9721912, 120.5795449],
[15.976996, 120.4992259],
[15.9632914, 120.5733361],
[15.9636394, 120.5732216],
[15.9967855, 120.5771395],
[15.9791504, 120.5692785],
[15.9790711, 120.5683496],
[15.9897276, 120.6275483],
[15.9790046, 120.5675724],
[15.9716916, 120.5805137],
[15.9639721, 120.5731418],
[15.9969654, 120.5769523],
[16.008465, 120.6115436],
[15.9643534, 120.5730353],
[15.9789304, 120.5666835],
[15.9766621, 120.603829],
[16.0009267, 120.5165634],
[15.9922661, 120.5674234],
[15.9788997, 120.5658264],
[15.9920576, 120.5425889],
[15.9647756, 120.5729422],
[15.9921893, 120.5677667],
[15.979089, 120.565193],
[15.974592, 120.5505304],
[15.9809441, 120.5181204],
[15.9794063, 120.5646048],
[15.9796468, 120.564115],
[15.9930682, 120.5870778],
[15.9652183, 120.572841],
[15.9655458, 120.5727638],
[16.0084369, 120.5809269],
[15.9972306, 120.5766666],
[15.976825, 120.592267],
[15.9659092, 120.5726813],
[15.9662854, 120.5725908],
[15.9921126, 120.5680781],
[16.0021867, 120.5609271],
[15.9920384, 120.5684082],
[15.9775896, 120.5021882],
[15.9726934, 120.5595664],
[16.0037397, 120.5614728],
[15.9731591, 120.5595238],
[15.9799462, 120.5635428],
[15.9792042, 120.5098649],
[15.9666641, 120.572503],
[15.9802558, 120.5629839],
[15.9919795, 120.5687488],
[15.9977516, 120.5759177],
[15.9776817, 120.6150742],
[15.9671375, 120.5723965],
[16.0013437, 120.5174177],
[15.991936, 120.5690363],
[15.9739152, 120.5594546],
[15.9918772, 120.5693876],
[15.9726512, 120.5806095],
[15.9738666, 120.5587812],
[15.9675955, 120.5722954],
[15.9635659, 120.5567904],
[15.9733599, 120.5795595],
[15.981145, 120.518996],
[15.9807113, 120.5007004],
[16.0018682, 120.5184504],
[16.0049242, 120.561188],
[15.9642465, 120.5566467],
[15.9662886, 120.6105442],
[15.9805296, 120.5624995],
[15.9807829, 120.562055],
[15.9979789, 120.575494],
[15.981686, 120.591022],
[15.9680587, 120.5721996],
[15.9749106, 120.5755458],
[15.9918004, 120.5697123],
[16.0109146, 120.6150982],
[15.9684681, 120.5721011],
[15.9811744, 120.6027977],
[15.9687956, 120.5720239],
[15.9764369, 120.6008348],
[15.9691308, 120.5719467],
[15.9977161, 120.5751664],
[15.9741327, 120.5600428],
[15.9917288, 120.5700397],
[15.9972827, 120.5750704],
[15.981026, 120.5616158],
[15.9738538, 120.5581212],
[15.9694046, 120.5718935],
[15.969704, 120.5718482],
[15.981838, 120.504297],
[15.9970554, 120.5750137],
[15.9803313, 120.4995905],
[15.9812435, 120.5611873],
[15.9785696, 120.5660261],
[15.982665, 120.6236745],
[15.9916623, 120.5703431],
[15.9915932, 120.5706652],
[15.9639465, 120.5726813],
[15.9862866, 120.5895577],
[15.9638083, 120.5722635],
[15.9636983, 120.5718349],
[15.9915471, 120.5709819],
[15.9635409, 120.5712733],
[15.9620996, 120.5571138],
[15.9925514, 120.5421737],
[15.9742811, 120.5602345],
[16.011251, 120.5791969],
[15.9782267, 120.5660261],
[15.9778225, 120.5660101],
[15.9633963, 120.5707304],
[15.9632709, 120.5702486],
[15.9812972, 120.5197599],
[15.991496, 120.5712214],
[15.9631507, 120.5697775],
[15.9630406, 120.5692798],
[15.9616083, 120.5572335],
[15.9628897, 120.5687156],
[15.9779146, 120.6164103],
[15.977431, 120.5660048],
[15.9914422, 120.5714956],
[15.9913629, 120.5717804],
[15.9966245, 120.5749349],
[15.9750411, 120.5767915],
[15.9627284, 120.5680901],
[15.9800575, 120.4987894],
[15.9746956, 120.5602983],
[16.0018055, 120.5244237],
[15.9625979, 120.5675285],
[16.013881, 120.5771102],
[15.9796225, 120.4974959],
[15.975279, 120.5613417],
[15.9912964, 120.5720598],
[15.9752048, 120.5608466],
[15.975105, 120.5602371],
[15.9749989, 120.5593708],
[16.0024106, 120.5194113],
[15.9912375, 120.5724005],
[15.9911864, 120.5726826],
[15.9624777, 120.5670494],
[15.9614087, 120.5572974],
[15.9749541, 120.5588824],
[15.9748978, 120.5581212],
[15.9812691, 120.5024071],
[15.9623753, 120.5666555],
[15.9608866, 120.5574145],
[15.9770574, 120.5660181],
[15.9608866, 120.5602717],
[15.974844, 120.557368],
[15.980252, 120.4967027],
[15.9650807, 120.5564816],
[15.9911531, 120.5729249],
[15.9910994, 120.5731644],
[15.9765943, 120.566042],
[15.9622525, 120.5662297],
[15.9682557, 120.5718882],
[15.9747571, 120.5562048],
[15.9762706, 120.5561822],
[15.9814559, 120.520601],
[15.9682659, 120.5715528],
[16.0027304, 120.5206356],
[15.9825446, 120.5060428],
[15.9765137, 120.556664],
[15.9656642, 120.5563379],
[15.9816196, 120.5213981],
[15.9774182, 120.5816222],
[15.9767388, 120.5571191],
[15.9682634, 120.5712175],
[16.0041439, 120.5587047],
[15.99037, 120.588147],
[15.9604222, 120.6080051],
[15.982867, 120.5071115],
[15.9963072, 120.5748561],
[15.9610837, 120.5610715],
[15.9958786, 120.5747526],
[15.9953079, 120.5746294],
[15.9682659, 120.5708502],
[15.9963188, 120.5076418],
[15.9817731, 120.5221141],
[15.968271, 120.5704296],
[15.9925475, 120.6059809],
[15.9745204, 120.5519357],
[15.9768578, 120.56568],
[15.9954973, 120.5746738],
[16.0131109, 120.5786991],
[16.0059361, 120.5452185],
[15.9614394, 120.5624795],
[15.9682634, 120.5700437],
[15.9682531, 120.5695407],
[15.9768399, 120.5650785],
[15.9956255, 120.5062498],
[15.9767836, 120.5646287],
[15.9831497, 120.5089706],
[15.9951137, 120.5745999],
[15.966657, 120.5561144],
[15.9682378, 120.5690296],
[16.005757, 120.5638855],
[15.9682275, 120.5684175],
[15.9682199, 120.5678798],
[15.9820303, 120.5232293],
[15.9770817, 120.5580054],
[15.968202, 120.5673741],
[15.9681789, 120.5668259],
[15.9585599, 120.5746269],
[15.9910559, 120.573388],
[15.9935761, 120.574229],
[15.9933867, 120.5741918],
[15.9946685, 120.5744915],
[15.9966412, 120.5092148],
[16.0144873, 120.5790398],
[16.0098414, 120.582247],
[15.9824064, 120.5252308],
[16.0036565, 120.5647505],
[15.9584767, 120.57439],
[16.0104068, 120.5834341],
[15.9770024, 120.5586868],
[15.9943296, 120.5409094],
[15.9674401, 120.5559174],
[15.9771073, 120.5595731],
[15.9782472, 120.6182308],
[15.9854154, 120.5531221],
[15.9969636, 120.5108051],
[15.9931731, 120.498633],
[15.9942802, 120.574388],
[15.9804992, 120.6267634],
[15.9821301, 120.5274665],
[15.9771751, 120.5602118],
[15.9776306, 120.5808504],
[16.0114378, 120.5855766],
[15.9986395, 120.5745309],
[15.9635505, 120.5836543],
[15.9990326, 120.5740161],
[15.9950715, 120.5403505],
[16.0119137, 120.587328],
[16.0093911, 120.5660959],
[15.9584025, 120.5741399],
[15.9967922, 120.5121931],
[15.9828439, 120.4962689],
[15.9769218, 120.590287],
[15.9583232, 120.5738511],
[15.9931667, 120.5741385],
[15.9582119, 120.5734851],
[15.9847604, 120.4963886],
[15.999518, 120.5734052],
[15.9996909, 120.5730997],
[15.9582374, 120.5730366],
[15.9818461, 120.5290768],
[15.9583411, 120.5725176],
[15.9929607, 120.5740826],
[15.9584319, 120.5720093],
[15.9764305, 120.5801371],
[15.977715, 120.5802382],
[15.9773734, 120.5612166],
[15.9997548, 120.5729519],
[15.9767401, 120.5640458],
[16.001752, 120.535919],
[15.9926393, 120.5861298],
[16.0014502, 120.5764326],
[15.9964263, 120.5135398],
[15.9813753, 120.5312832],
[15.9681617, 120.5557843],
[15.9553003, 120.5567884],
[15.9520593, 120.5623591],
[15.9927612, 120.5740294],
[15.9954963, 120.514329],
[15.9584985, 120.5714357],
[15.9585701, 120.570749],
[15.9806537, 120.5338782],
[15.9944626, 120.5152219],
[15.9695025, 120.5554862],
[15.9617439, 120.5637331],
[15.9620356, ,120.5647498],
[15.9621994, 120.5654285],
[15.9800243, 120.5360927],
[15.9940021, 120.5009166],
[15.9764561, 120.5636785],
[15.9760492, 120.5637025],
[15.9773209, 120.5769964],
[15.9586341, 120.5701262],
[15.9586878, 120.5695566],
[15.958675, 120.5690376],
[15.9951432, 120.5027797],
[15.996448, 120.5051166],
[15.9744922, 120.5535885],
[16.0012655, 120.5772159],
[15.9925693, 120.5740028],
[16.0042846, 120.5336407],
[15.9586725, 120.5686384],
[15.9586315, 120.5682578],
[15.9634149, 120.5875695],
[15.9607126, 120.5882349],
[15.9583961, 120.5679277],
[16.0012419, 120.5778317],
[15.9623171, 120.5659848],
[15.9620484, 120.5649228],
[15.9619102, 120.5644012],
[15.9945266, 120.517431],
[15.979382, 120.5375432],
[15.9581453, 120.5676243],
[15.9576975, 120.5673103],
[15.9572036, 120.567108],
[15.9567583, 120.5669084],
[15.9862572, 120.4961518],
[15.9891638, 120.4935594],
[15.9704237, 120.5554436],
[15.9706028, 120.5550763],
[15.9917045, 120.4908047],
[15.9564257, 120.5666449],
[15.9615622, 120.5630491],
[15.9770587, 120.5575782],
[15.9786541, 120.5575622],
[15.9560111, 120.5663335],
[15.9555991, 120.5660726],
[15.9764906, 120.5993709],
[15.9789841, 120.5571231],
[15.9781014, 120.557332],
[15.9935108, 120.4888936],
[15.9948387, 120.4874471],
[16.0067944, 120.5302658],
[15.990313, 120.556999],
[15.9846632, 120.604569],
[15.992339, 120.5739389],
[15.9920832, 120.5738857],
[15.9744909, 120.5714211],
[15.9918375, 120.5738271],
[15.9552536, 120.5658597],
[15.9787001, 120.5791762],
[15.9833595, 120.5804351],
[15.9843779, 120.580845],
[15.9799002, 120.5736774],
[15.9548493, 120.5656175],
[15.9543631, 120.5653487],
[15.9538999, 120.5651544],
[15.9612602, 120.5617582],
[15.9915894, 120.4868562],
[15.9665758, 120.4980069],
[15.96514, 120.593585],
[15.961117, 120.593723],
[15.9710429, 120.5554649],
[15.9710685, 120.5549326],
[15.9717441, 120.5551242],
[15.9746381, 120.5550311],
[15.9745421, 120.57198],
[15.9533778, 120.5649361],
[15.9789419, 120.5383843],
[16.0119866, 120.5885722],
[15.962399, 120.5570339],
[15.9626677, 120.5587799],
[15.9634763, 120.5587919],
[15.9640469, 120.5587733],
[15.9642133, 120.5579588],
[15.9529594, 120.5648057],
[15.978576, 120.5390577],
[16.001526, 120.5785806],
[15.9525295, 120.56467],
[15.9523913, 120.564324],
[16.0019617, 120.579561],
[16.00226, 120.580295],
[16.0024637, 120.5835983],
[16.0020517, 120.5839235],
[15.9745805, 120.5726906],
[15.9746317, 120.5732948],
[15.9746982, 120.5739602],
[15.9747801, 120.5744579],
[15.9755426, 120.5735902],
[15.9623357, 120.5688859],
[15.9615859, 120.5687635],
[16.0027147, 120.5815612],
[15.9915919, 120.5737899],
[16.0034071, 120.5846704],
[15.9768527, 120.5949474],
[15.9774745, 120.6017637],
[16.0018078, 120.5840541],
[15.9782178, 120.5397949],
[15.975082, 120.5736461],
[15.960895, 120.568641],
[15.9604343, 120.5685452],
[15.96003, 120.5684973],
[15.9596103, 120.5685133],
[15.9591984, 120.5685479],
[16.0010169, 120.5843989],
[15.9716673, 120.5549379],
[15.9720358, 120.5550391],
[15.9720051, 120.554906],
[15.993342, 120.55768],
[15.9936234, 120.5604534],
[15.992748, 120.564664],
[15.9913361, 120.5737207],
[15.9910751, 120.5736621],
[15.9774809, 120.5574691],
[15.9874419, 120.5485122],
[15.9778493, 120.5405189],
[15.9707922, 120.5552467],
[15.9774988, 120.5411284],
[15.9967691, 120.5067741],
[15.959856, 120.5790531],
[16.0001739, 120.5846453],
[15.9981612, 120.5853448],
[15.9828913, 120.571791],
[15.9774757, 120.557855],
[15.9974603, 120.5855715],
[15.9962764, 120.5859656],
[15.9604574, 120.5807259],
[15.9600313, 120.5795083],
[15.9973141, 120.5083817],
[15.9603832, 120.5803573],
[15.9603141, 120.5799993],
[15.9601964, 120.5797238],
[15.9597434, 120.5785221],
[15.9596513, 120.5779126],
[15.9908499, 120.5736195],
[15.976078, 120.4995586],
[15.9737431, 120.4995932],
[15.9734943, 120.5012633],
[15.9596615, 120.5772007],
